
Circuit: instrumental amplifier circuit

                         instrumental amplifier circuit
                         DC transfer characteristic  Sun Mar 20 18:12:20  2022
--------------------------------------------------------------------------------
Index   v-sweep         v(10)           
--------------------------------------------------------------------------------
0	0.000000e+00	-9.43115e+00	
1	1.000000e-01	-2.96430e+00	
2	2.000000e-01	-2.21196e+00	
3	3.000000e-01	-1.77075e+00	
4	4.000000e-01	-1.45988e+00	
5	5.000000e-01	-1.21764e+00	
6	6.000000e-01	-1.01955e+00	
7	7.000000e-01	-8.51964e-01	
8	8.000000e-01	-7.06111e-01	
9	9.000000e-01	-5.78077e-01	
10	1.000000e+00	-4.63509e-01	
11	1.100000e+00	-3.59770e-01	
12	1.200000e+00	-2.65000e-01	
13	1.300000e+00	-1.77939e-01	
14	1.400000e+00	-9.71073e-02	
15	1.500000e+00	-2.18209e-02	
16	1.600000e+00	4.863551e-02	
17	1.700000e+00	1.149366e-01	
18	1.800000e+00	1.773830e-01	
19	1.900000e+00	2.364720e-01	
20	2.000000e+00	2.925553e-01	
21	2.100000e+00	3.459245e-01	
22	2.200000e+00	3.968316e-01	
23	2.300000e+00	4.454951e-01	
24	2.400000e+00	4.921058e-01	
25	2.500000e+00	5.368312e-01	
26	2.600000e+00	5.798189e-01	
27	2.700000e+00	6.211998e-01	
28	2.800000e+00	6.610908e-01	
29	2.900000e+00	6.995961e-01	
30	3.000000e+00	7.368097e-01	
31	3.100000e+00	7.728161e-01	
32	3.200000e+00	8.076917e-01	
33	3.300000e+00	8.415061e-01	
34	3.400000e+00	8.743226e-01	
35	3.500000e+00	9.061988e-01	
36	3.600000e+00	9.371877e-01	
37	3.700000e+00	9.673378e-01	
38	3.800000e+00	9.966937e-01	
39	3.900000e+00	1.025297e+00	
40	4.000000e+00	1.053184e+00	
41	4.100000e+00	1.080393e+00	
42	4.200000e+00	1.106954e+00	
43	4.300000e+00	1.132898e+00	
44	4.400000e+00	1.158254e+00	
45	4.500000e+00	1.183049e+00	
46	4.600000e+00	1.207305e+00	
47	4.700000e+00	1.231048e+00	
48	4.800000e+00	1.254298e+00	
49	4.900000e+00	1.277075e+00	
50	5.000000e+00	1.299399e+00	
51	5.100000e+00	1.321288e+00	
52	5.200000e+00	1.342758e+00	
53	5.300000e+00	1.363825e+00	
54	5.400000e+00	1.384504e+00	

Index   v-sweep         v(10)           
--------------------------------------------------------------------------------
55	5.500000e+00	1.404810e+00	
56	5.600000e+00	1.424756e+00	
57	5.700000e+00	1.444355e+00	
58	5.800000e+00	1.463618e+00	
59	5.900000e+00	1.482557e+00	
60	6.000000e+00	1.501183e+00	
61	6.100000e+00	1.519507e+00	
62	6.200000e+00	1.537537e+00	
63	6.300000e+00	1.555284e+00	
64	6.400000e+00	1.572757e+00	
65	6.500000e+00	1.589963e+00	
66	6.600000e+00	1.606911e+00	
67	6.700000e+00	1.623608e+00	
68	6.800000e+00	1.640063e+00	
69	6.900000e+00	1.656282e+00	
70	7.000000e+00	1.672272e+00	
71	7.100000e+00	1.688039e+00	
72	7.200000e+00	1.703589e+00	
73	7.300000e+00	1.718929e+00	
74	7.400000e+00	1.734064e+00	
75	7.500000e+00	1.749000e+00	
76	7.600000e+00	1.763742e+00	
77	7.700000e+00	1.778295e+00	
78	7.800000e+00	1.792664e+00	
79	7.900000e+00	1.806853e+00	
80	8.000000e+00	1.820868e+00	
81	8.100000e+00	1.834711e+00	
82	8.200000e+00	1.848388e+00	
83	8.300000e+00	1.861903e+00	
84	8.400000e+00	1.875259e+00	
85	8.500000e+00	1.888461e+00	
86	8.600000e+00	1.901511e+00	
87	8.700000e+00	1.914413e+00	
88	8.800000e+00	1.927171e+00	
89	8.900000e+00	1.939788e+00	
90	9.000000e+00	1.952267e+00	
91	9.100000e+00	1.964610e+00	
92	9.200000e+00	1.976822e+00	
93	9.300000e+00	1.988905e+00	
94	9.400000e+00	2.000861e+00	
95	9.500000e+00	2.012694e+00	
96	9.600000e+00	2.024405e+00	
97	9.700000e+00	2.035997e+00	
98	9.800000e+00	2.047474e+00	
99	9.900000e+00	2.058836e+00	
100	1.000000e+01	2.070087e+00	
