
Circuit: photodiode amplifier circuit

                          photodiode amplifier circuit
                          Transient Analysis  Thu Feb 17 14:44:16  2022
--------------------------------------------------------------------------------
Index   time            v(6)            v(2)            
--------------------------------------------------------------------------------
0	0.000000e+00	-1.92528e-05	0.000000e+00	
1	5.000000e-08	-3.30052e-04	3.141593e-03	
2	5.042165e-08	-3.32695e-04	3.168086e-03	
3	5.126495e-08	-3.38026e-04	3.221072e-03	
4	5.295155e-08	-3.48964e-04	3.327044e-03	
5	5.632475e-08	-3.71982e-04	3.538988e-03	
6	6.307114e-08	-4.22973e-04	3.962877e-03	
7	7.656394e-08	-5.47818e-04	4.810654e-03	
8	1.035495e-07	-9.12378e-04	6.506208e-03	
9	1.364309e-07	-1.61784e-03	8.572203e-03	
10	1.800768e-07	-3.12782e-03	1.131456e-02	
11	2.318383e-07	-5.98988e-03	1.456683e-02	
12	2.983095e-07	-1.18563e-02	1.874333e-02	
13	3.761210e-07	-2.27377e-02	2.363236e-02	
14	4.725900e-07	-4.37914e-02	2.969366e-02	
15	5.663911e-07	-7.31142e-02	3.558733e-02	
16	6.759385e-07	-1.16827e-01	4.247034e-02	
17	7.750474e-07	-1.61967e-01	4.869747e-02	
18	8.854913e-07	-2.14896e-01	5.563677e-02	
19	1.030336e-06	-2.85612e-01	6.473746e-02	
20	1.181262e-06	-3.59677e-01	7.422023e-02	
21	1.437327e-06	-4.85426e-01	9.030871e-02	
22	1.858518e-06	-6.92299e-01	1.167715e-01	
23	2.700899e-06	-1.10610e+00	1.696943e-01	
24	4.385660e-06	-1.93396e+00	2.755243e-01	
25	7.755184e-06	-3.59045e+00	4.870798e-01	
26	9.226626e-06	-4.31397e+00	5.794013e-01	
27	1.015550e-05	-4.76927e+00	6.376558e-01	
28	1.070535e-05	-5.01865e+00	6.721298e-01	
29	1.099770e-05	-5.11259e+00	6.904562e-01	
30	1.116661e-05	-5.14468e+00	7.010431e-01	
31	1.125344e-05	-5.15438e+00	7.064853e-01	
32	1.139005e-05	-5.16290e+00	7.150469e-01	
33	1.148523e-05	-5.16488e+00	7.210119e-01	
34	1.158807e-05	-5.16596e+00	7.274566e-01	
35	1.170195e-05	-5.16628e+00	7.345929e-01	
36	1.182505e-05	-5.16649e+00	7.423066e-01	
37	1.199461e-05	-5.16649e+00	7.529301e-01	
38	1.221003e-05	-5.16654e+00	7.664267e-01	
39	1.263201e-05	-5.16651e+00	7.928596e-01	
40	1.347597e-05	-5.16654e+00	8.457085e-01	
41	1.516388e-05	-5.16651e+00	9.513335e-01	
42	1.853970e-05	-5.16653e+00	1.162251e+00	
43	2.353970e-05	-5.16650e+00	1.473656e+00	
44	2.853970e-05	-5.16653e+00	1.783607e+00	
45	3.158552e-05	-5.16640e+00	1.971575e+00	
46	3.524919e-05	-5.16646e+00	2.196710e+00	
47	3.822906e-05	-5.16640e+00	2.378971e+00	
48	4.175064e-05	-5.16646e+00	2.593287e+00	
49	4.675064e-05	-5.16640e+00	2.895369e+00	
50	5.175064e-05	-5.16646e+00	3.194593e+00	
51	5.675064e-05	-5.16640e+00	3.490665e+00	
52	6.175064e-05	-5.16646e+00	3.783293e+00	
53	6.675064e-05	-5.16641e+00	4.072186e+00	
54	7.175064e-05	-5.16646e+00	4.357061e+00	

Index   time            v(6)            v(2)            
--------------------------------------------------------------------------------
55	7.675064e-05	-5.16641e+00	4.637636e+00	
56	8.175064e-05	-5.16646e+00	4.913634e+00	
57	8.675064e-05	-5.16641e+00	5.184783e+00	
58	9.175064e-05	-5.16646e+00	5.450815e+00	
59	9.675064e-05	-5.16641e+00	5.711468e+00	
60	1.017506e-04	-5.16646e+00	5.966484e+00	
61	1.067506e-04	-5.16641e+00	6.215612e+00	
62	1.117506e-04	-5.16646e+00	6.458606e+00	
63	1.167506e-04	-5.16641e+00	6.695226e+00	
64	1.217506e-04	-5.16645e+00	6.925239e+00	
65	1.267506e-04	-5.16641e+00	7.148417e+00	
66	1.317506e-04	-5.16645e+00	7.364541e+00	
67	1.367506e-04	-5.16641e+00	7.573397e+00	
68	1.417506e-04	-5.16645e+00	7.774779e+00	
69	1.467506e-04	-5.16641e+00	7.968488e+00	
70	1.517506e-04	-5.16645e+00	8.154333e+00	
71	1.567506e-04	-5.16641e+00	8.332131e+00	
72	1.617506e-04	-5.16645e+00	8.501706e+00	
73	1.667506e-04	-5.16641e+00	8.662891e+00	
74	1.717506e-04	-5.16645e+00	8.815527e+00	
75	1.767506e-04	-5.16641e+00	8.959462e+00	
76	1.817506e-04	-5.16645e+00	9.094556e+00	
77	1.867506e-04	-5.16641e+00	9.220675e+00	
78	1.917506e-04	-5.16645e+00	9.337694e+00	
79	1.967506e-04	-5.16641e+00	9.445498e+00	
80	2.017506e-04	-5.16645e+00	9.543980e+00	
81	2.067506e-04	-5.16641e+00	9.633043e+00	
82	2.117506e-04	-5.16645e+00	9.712600e+00	
83	2.167506e-04	-5.16641e+00	9.782572e+00	
84	2.217506e-04	-5.16645e+00	9.842889e+00	
85	2.267506e-04	-5.16641e+00	9.893493e+00	
86	2.317506e-04	-5.16645e+00	9.934333e+00	
87	2.367506e-04	-5.16641e+00	9.965369e+00	
88	2.417506e-04	-5.16645e+00	9.986570e+00	
89	2.467506e-04	-5.16641e+00	9.997916e+00	
90	2.517506e-04	-5.16645e+00	9.999395e+00	
91	2.567506e-04	-5.16641e+00	9.991006e+00	
92	2.617506e-04	-5.16645e+00	9.972757e+00	
93	2.667506e-04	-5.16641e+00	9.944666e+00	
94	2.717506e-04	-5.16645e+00	9.906761e+00	
95	2.767506e-04	-5.16641e+00	9.859079e+00	
96	2.817506e-04	-5.16645e+00	9.801667e+00	
97	2.867506e-04	-5.16641e+00	9.734583e+00	
98	2.917506e-04	-5.16645e+00	9.657891e+00	
99	2.967506e-04	-5.16641e+00	9.571669e+00	
100	3.017506e-04	-5.16645e+00	9.476000e+00	
101	3.067506e-04	-5.16642e+00	9.370979e+00	
102	3.117506e-04	-5.16645e+00	9.256711e+00	
103	3.167506e-04	-5.16642e+00	9.133307e+00	
104	3.217506e-04	-5.16645e+00	9.000890e+00	
105	3.267506e-04	-5.16642e+00	8.859590e+00	
106	3.317506e-04	-5.16645e+00	8.709547e+00	
107	3.367506e-04	-5.16642e+00	8.550908e+00	
108	3.417506e-04	-5.16645e+00	8.383831e+00	
109	3.467506e-04	-5.16642e+00	8.208480e+00	
110	3.517506e-04	-5.16645e+00	8.025028e+00	
111	3.567506e-04	-5.16642e+00	7.833656e+00	
112	3.617506e-04	-5.16645e+00	7.634554e+00	

Index   time            v(6)            v(2)            
--------------------------------------------------------------------------------
113	3.667506e-04	-5.16642e+00	7.427917e+00	
114	3.717506e-04	-5.16645e+00	7.213949e+00	
115	3.767506e-04	-5.16642e+00	6.992863e+00	
116	3.817506e-04	-5.16645e+00	6.764875e+00	
117	3.867506e-04	-5.16642e+00	6.530211e+00	
118	3.917506e-04	-5.16645e+00	6.289103e+00	
119	3.967506e-04	-5.16642e+00	6.041788e+00	
120	4.017506e-04	-5.16645e+00	5.788510e+00	
121	4.067506e-04	-5.16642e+00	5.529520e+00	
122	4.117506e-04	-5.16645e+00	5.265073e+00	
123	4.167506e-04	-5.16642e+00	4.995430e+00	
124	4.217506e-04	-5.16645e+00	4.720857e+00	
125	4.267506e-04	-5.16642e+00	4.441625e+00	
126	4.317506e-04	-5.16644e+00	4.158010e+00	
127	4.367506e-04	-5.16642e+00	3.870291e+00	
128	4.417506e-04	-5.16644e+00	3.578753e+00	
129	4.467506e-04	-5.16642e+00	3.283683e+00	
130	4.517506e-04	-5.16644e+00	2.985373e+00	
131	4.567506e-04	-5.16642e+00	2.684116e+00	
132	4.617506e-04	-5.16644e+00	2.380210e+00	
133	4.667506e-04	-5.16642e+00	2.073956e+00	
134	4.717506e-04	-5.16644e+00	1.765654e+00	
135	4.767506e-04	-5.16642e+00	1.455610e+00	
136	4.817506e-04	-5.16644e+00	1.144130e+00	
137	4.867506e-04	-5.16642e+00	8.315205e-01	
138	4.917506e-04	-5.16644e+00	5.180904e-01	
139	4.967506e-04	-5.16642e+00	2.041490e-01	
140	5.017506e-04	-5.16644e+00	-1.09994e-01	
141	5.067506e-04	-5.16642e+00	-4.24028e-01	
142	5.117506e-04	-5.16644e+00	-7.37644e-01	
143	5.167506e-04	-5.16642e+00	-1.05053e+00	
144	5.217506e-04	-5.16644e+00	-1.36238e+00	
145	5.267506e-04	-5.16642e+00	-1.67289e+00	
146	5.317506e-04	-5.16644e+00	-1.98175e+00	
147	5.367506e-04	-5.16642e+00	-2.28865e+00	
148	5.417506e-04	-5.16644e+00	-2.59329e+00	
149	5.467506e-04	-5.16642e+00	-2.89537e+00	
150	5.517506e-04	-5.16644e+00	-3.19459e+00	
151	5.567506e-04	-5.16642e+00	-3.49067e+00	
152	5.617506e-04	-5.16644e+00	-3.78329e+00	
153	5.667506e-04	-5.16642e+00	-4.07219e+00	
154	5.717506e-04	-5.16644e+00	-4.35706e+00	
155	5.767506e-04	-5.16642e+00	-4.63764e+00	
156	5.817506e-04	-5.16644e+00	-4.91363e+00	
157	5.836518e-04	-5.16642e+00	-5.01732e+00	
158	5.848740e-04	-5.16644e+00	-5.08360e+00	
159	5.855213e-04	-5.16643e+00	-5.11858e+00	
160	5.862890e-04	-5.16645e+00	-5.15996e+00	
161	5.866638e-04	-5.16643e+00	-5.18012e+00	
162	5.870522e-04	-5.16645e+00	-5.20097e+00	
163	5.874528e-04	-5.16644e+00	-5.22246e+00	
164	5.879891e-04	-5.16645e+00	-5.25116e+00	
165	5.886063e-04	-5.16643e+00	-5.28413e+00	
166	5.891290e-04	-5.16639e+00	-5.31198e+00	
167	5.897575e-04	-5.16636e+00	-5.34540e+00	
168	5.904541e-04	-5.16639e+00	-5.38234e+00	
169	5.915176e-04	-5.16636e+00	-5.43853e+00	
170	5.929517e-04	-5.16638e+00	-5.51393e+00	

Index   time            v(6)            v(2)            
--------------------------------------------------------------------------------
171	5.958198e-04	-5.16636e+00	-5.66336e+00	
172	6.008198e-04	-5.16638e+00	-5.91945e+00	
173	6.058198e-04	-5.16635e+00	-6.16969e+00	
174	6.077260e-04	-5.16403e+00	-6.26350e+00	
175	6.084454e-04	-5.03537e+00	-6.29867e+00	
176	6.087278e-04	-4.91791e+00	-6.31245e+00	
177	6.090463e-04	-4.77043e+00	-6.32795e+00	
178	6.093373e-04	-4.63127e+00	-6.34210e+00	
179	6.096448e-04	-4.48387e+00	-6.35703e+00	
180	6.101761e-04	-4.22806e+00	-6.38276e+00	
181	6.111735e-04	-3.74746e+00	-6.43088e+00	
182	6.129873e-04	-2.87010e+00	-6.51773e+00	
183	6.155947e-04	-1.60295e+00	-6.64110e+00	
184	6.205947e-04	8.483874e-01	-6.87266e+00	
185	6.255947e-04	3.326032e+00	-7.09744e+00	
186	6.276558e-04	4.355019e+00	-7.18807e+00	
187	6.288931e-04	4.963275e+00	-7.24190e+00	
188	6.292820e-04	5.105520e+00	-7.25873e+00	
189	6.295354e-04	5.151978e+00	-7.26967e+00	
190	6.296412e-04	5.160768e+00	-7.27423e+00	
191	6.297626e-04	5.164653e+00	-7.27947e+00	
192	6.298369e-04	5.165555e+00	-7.28267e+00	
193	6.299465e-04	5.166123e+00	-7.28738e+00	
194	6.300629e-04	5.166408e+00	-7.29239e+00	
195	6.301957e-04	5.166467e+00	-7.29810e+00	
196	6.304031e-04	5.166515e+00	-7.30700e+00	
197	6.306746e-04	5.166499e+00	-7.31864e+00	
198	6.312177e-04	5.166514e+00	-7.34185e+00	
199	6.323038e-04	5.166497e+00	-7.38801e+00	
200	6.344761e-04	5.166508e+00	-7.47930e+00	
201	6.388205e-04	5.166490e+00	-7.65768e+00	
202	6.438205e-04	5.166502e+00	-7.85591e+00	
203	6.488205e-04	5.166451e+00	-8.04639e+00	
204	6.523356e-04	5.166375e+00	-8.17556e+00	
205	6.552482e-04	5.166446e+00	-8.27956e+00	
206	6.583848e-04	5.166377e+00	-8.38847e+00	
207	6.633848e-04	5.166444e+00	-8.55532e+00	
208	6.683848e-04	5.166379e+00	-8.71372e+00	
209	6.733848e-04	5.166443e+00	-8.86353e+00	
210	6.783848e-04	5.166380e+00	-9.00459e+00	
211	6.833848e-04	5.166441e+00	-9.13677e+00	
212	6.883848e-04	5.166381e+00	-9.25993e+00	
213	6.933848e-04	5.166440e+00	-9.37395e+00	
214	6.983848e-04	5.166382e+00	-9.47871e+00	
215	7.033848e-04	5.166439e+00	-9.57413e+00	
216	7.083848e-04	5.166383e+00	-9.66009e+00	
217	7.133848e-04	5.166438e+00	-9.73653e+00	
218	7.183848e-04	5.166384e+00	-9.80335e+00	
219	7.233848e-04	5.166437e+00	-9.86050e+00	
220	7.283848e-04	5.166385e+00	-9.90792e+00	
221	7.333848e-04	5.166437e+00	-9.94556e+00	
222	7.383848e-04	5.166386e+00	-9.97338e+00	
223	7.433848e-04	5.166436e+00	-9.99136e+00	
224	7.483848e-04	5.166387e+00	-9.99949e+00	
225	7.533848e-04	5.166435e+00	-9.99774e+00	
226	7.583848e-04	5.166387e+00	-9.98613e+00	
227	7.633848e-04	5.166434e+00	-9.96466e+00	
228	7.683848e-04	5.166388e+00	-9.93336e+00	

Index   time            v(6)            v(2)            
--------------------------------------------------------------------------------
229	7.733848e-04	5.166434e+00	-9.89225e+00	
230	7.783848e-04	5.166388e+00	-9.84138e+00	
231	7.833848e-04	5.166433e+00	-9.78080e+00	
232	7.883848e-04	5.166389e+00	-9.71057e+00	
233	7.933848e-04	5.166433e+00	-9.63076e+00	
234	7.983848e-04	5.166390e+00	-9.54144e+00	
235	8.033848e-04	5.166432e+00	-9.44270e+00	
236	8.083848e-04	5.166390e+00	-9.33465e+00	
237	8.133848e-04	5.166432e+00	-9.21738e+00	
238	8.183848e-04	5.166391e+00	-9.09102e+00	
239	8.233848e-04	5.166431e+00	-8.95568e+00	
240	8.283848e-04	5.166391e+00	-8.81151e+00	
241	8.333848e-04	5.166431e+00	-8.65864e+00	
242	8.383848e-04	5.166391e+00	-8.49722e+00	
243	8.433848e-04	5.166430e+00	-8.32742e+00	
244	8.483848e-04	5.166392e+00	-8.14941e+00	
245	8.533848e-04	5.166430e+00	-7.96334e+00	
246	8.583848e-04	5.166392e+00	-7.76943e+00	
247	8.633848e-04	5.166430e+00	-7.56784e+00	
248	8.683848e-04	5.166393e+00	-7.35878e+00	
249	8.733848e-04	5.166429e+00	-7.14246e+00	
250	8.783848e-04	5.166393e+00	-6.91910e+00	
251	8.833848e-04	5.166429e+00	-6.68890e+00	
252	8.883848e-04	5.166393e+00	-6.45211e+00	
253	8.933848e-04	5.166429e+00	-6.20894e+00	
254	8.983848e-04	5.166394e+00	-5.95965e+00	
255	9.033848e-04	5.166428e+00	-5.70448e+00	
256	9.083848e-04	5.166394e+00	-5.44368e+00	
257	9.133848e-04	5.166428e+00	-5.17751e+00	
258	9.183848e-04	5.166394e+00	-4.90622e+00	
259	9.233848e-04	5.166428e+00	-4.63010e+00	
260	9.283848e-04	5.166394e+00	-4.34940e+00	
261	9.333848e-04	5.166427e+00	-4.06441e+00	
262	9.383848e-04	5.166395e+00	-3.77541e+00	
263	9.433848e-04	5.166427e+00	-3.48269e+00	
264	9.483848e-04	5.166395e+00	-3.18653e+00	
265	9.533848e-04	5.166427e+00	-2.88722e+00	
266	9.583848e-04	5.166395e+00	-2.58507e+00	
267	9.633848e-04	5.166427e+00	-2.28036e+00	
268	9.683848e-04	5.166395e+00	-1.97340e+00	
269	9.733848e-04	5.166426e+00	-1.66450e+00	
270	9.783848e-04	5.166396e+00	-1.35395e+00	
271	9.833848e-04	5.166426e+00	-1.04207e+00	
272	9.883848e-04	5.166396e+00	-7.29158e-01	
273	9.933848e-04	5.166426e+00	-4.15527e-01	
274	9.983848e-04	5.166396e+00	-1.01486e-01	
275	1.003385e-03	5.166426e+00	2.126558e-01	
276	1.008385e-03	5.166396e+00	5.265874e-01	
277	1.013385e-03	5.166426e+00	8.399994e-01	
278	1.018385e-03	5.166396e+00	1.152582e+00	
279	1.023385e-03	5.166425e+00	1.464028e+00	
280	1.028385e-03	5.166397e+00	1.774029e+00	
281	1.033385e-03	5.166425e+00	2.082278e+00	
282	1.038385e-03	5.166397e+00	2.388473e+00	
283	1.043385e-03	5.166425e+00	2.692311e+00	
284	1.048385e-03	5.166397e+00	2.993492e+00	
285	1.053385e-03	5.166425e+00	3.291719e+00	
286	1.058385e-03	5.166397e+00	3.586697e+00	

Index   time            v(6)            v(2)            
--------------------------------------------------------------------------------
287	1.063385e-03	5.166425e+00	3.878135e+00	
288	1.068385e-03	5.166397e+00	4.165747e+00	
289	1.073385e-03	5.166424e+00	4.449247e+00	
290	1.078385e-03	5.166398e+00	4.728356e+00	
291	1.083385e-03	5.166424e+00	5.002799e+00	
292	1.085289e-03	5.166401e+00	5.106052e+00	
293	1.086104e-03	5.166431e+00	5.150001e+00	
294	1.086946e-03	5.166411e+00	5.195262e+00	
295	1.087320e-03	5.166435e+00	5.215333e+00	
296	1.087771e-03	5.166415e+00	5.239501e+00	
297	1.088494e-03	5.166432e+00	5.278112e+00	
298	1.089249e-03	5.166343e+00	5.318393e+00	
299	1.089995e-03	5.166356e+00	5.358002e+00	
300	1.090677e-03	5.166341e+00	5.394145e+00	
301	1.091739e-03	5.166355e+00	5.450187e+00	
302	1.093631e-03	5.166339e+00	5.549504e+00	
303	1.096861e-03	5.166352e+00	5.717152e+00	
304	1.101861e-03	5.166333e+00	5.972041e+00	
305	1.106861e-03	5.157009e+00	6.221037e+00	
306	1.108454e-03	4.525258e+00	6.299086e+00	
307	1.109106e-03	4.184983e+00	6.330870e+00	
308	1.109480e-03	4.003574e+00	6.349023e+00	
309	1.109766e-03	3.851228e+00	6.362920e+00	
310	1.109983e-03	3.746593e+00	6.373422e+00	
311	1.110172e-03	3.646617e+00	6.382548e+00	
312	1.110364e-03	3.551823e+00	6.391864e+00	
313	1.110544e-03	3.458259e+00	6.400538e+00	
314	1.110754e-03	3.353320e+00	6.410670e+00	
315	1.111003e-03	3.225663e+00	6.422647e+00	
316	1.111337e-03	3.056872e+00	6.438741e+00	
317	1.111710e-03	2.866309e+00	6.456657e+00	
318	1.112252e-03	2.591952e+00	6.482607e+00	
319	1.113164e-03	2.127258e+00	6.526159e+00	
320	1.114866e-03	1.262618e+00	6.606817e+00	
321	1.118271e-03	-4.70019e-01	6.765857e+00	
322	1.123271e-03	-3.01439e+00	6.993816e+00	
323	1.128271e-03	-5.16284e+00	7.214873e+00	
324	1.129669e-03	-5.17299e+00	7.275440e+00	
325	1.131358e-03	-5.16280e+00	7.347820e+00	
326	1.132754e-03	-5.17134e+00	7.407059e+00	
327	1.134209e-03	-5.16484e+00	7.468139e+00	
328	1.135762e-03	-5.17034e+00	7.532671e+00	
329	1.137433e-03	-5.16449e+00	7.601335e+00	
330	1.139449e-03	-5.17016e+00	7.683005e+00	
331	1.141728e-03	-5.16474e+00	7.773898e+00	
332	1.144494e-03	-5.16990e+00	7.882037e+00	
333	1.147897e-03	-5.16378e+00	8.011802e+00	
334	1.151684e-03	-5.16895e+00	8.151921e+00	
335	1.156684e-03	-5.16387e+00	8.329827e+00	
336	1.161684e-03	-5.16959e+00	8.499512e+00	
337	1.166684e-03	-5.16476e+00	8.660809e+00	
338	1.171684e-03	-5.16937e+00	8.813559e+00	
339	1.176684e-03	-5.16463e+00	8.957611e+00	
340	1.181684e-03	-5.16932e+00	9.092823e+00	
341	1.186684e-03	-5.16470e+00	9.219062e+00	
342	1.191684e-03	-5.16924e+00	9.336202e+00	
343	1.196684e-03	-5.16473e+00	9.444129e+00	
344	1.201684e-03	-5.16917e+00	9.542735e+00	

Index   time            v(6)            v(2)            
--------------------------------------------------------------------------------
345	1.206684e-03	-5.16476e+00	9.631924e+00	
346	1.211684e-03	-5.16911e+00	9.711608e+00	
347	1.216684e-03	-5.16479e+00	9.781707e+00	
348	1.221684e-03	-5.16905e+00	9.842153e+00	
349	1.226684e-03	-5.16482e+00	9.892886e+00	
350	1.231684e-03	-5.16899e+00	9.933855e+00	
351	1.236684e-03	-5.16485e+00	9.965021e+00	
352	1.241684e-03	-5.16893e+00	9.986353e+00	
353	1.246684e-03	-5.16487e+00	9.997830e+00	
354	1.251684e-03	-5.16888e+00	9.999440e+00	
355	1.256684e-03	-5.16490e+00	9.991182e+00	
356	1.261684e-03	-5.16883e+00	9.973063e+00	
357	1.266684e-03	-5.16492e+00	9.945103e+00	
358	1.271684e-03	-5.16878e+00	9.907328e+00	
359	1.276684e-03	-5.16495e+00	9.859775e+00	
360	1.281684e-03	-5.16873e+00	9.802492e+00	
361	1.286684e-03	-5.16497e+00	9.735535e+00	
362	1.291684e-03	-5.16868e+00	9.658971e+00	
363	1.296684e-03	-5.16499e+00	9.572874e+00	
364	1.301684e-03	-5.16864e+00	9.477330e+00	
365	1.306684e-03	-5.16501e+00	9.372433e+00	
366	1.311684e-03	-5.16859e+00	9.258286e+00	
367	1.316684e-03	-5.16503e+00	9.135003e+00	
368	1.321684e-03	-5.16855e+00	9.002704e+00	
369	1.326684e-03	-5.16505e+00	8.861521e+00	
370	1.331684e-03	-5.16851e+00	8.711593e+00	
371	1.336684e-03	-5.16507e+00	8.553067e+00	
372	1.341684e-03	-5.16847e+00	8.386101e+00	
373	1.346684e-03	-5.16509e+00	8.210858e+00	
374	1.351684e-03	-5.16843e+00	8.027512e+00	
375	1.356684e-03	-5.16511e+00	7.836245e+00	
376	1.361684e-03	-5.16839e+00	7.637243e+00	
377	1.366684e-03	-5.16513e+00	7.430705e+00	
378	1.371684e-03	-5.16836e+00	7.216833e+00	
379	1.376684e-03	-5.16514e+00	6.995840e+00	
380	1.381684e-03	-5.16832e+00	6.767942e+00	
381	1.386684e-03	-5.16516e+00	6.533365e+00	
382	1.391684e-03	-5.16828e+00	6.292341e+00	
383	1.396684e-03	-5.16518e+00	6.045106e+00	
384	1.401684e-03	-5.16825e+00	5.791906e+00	
385	1.406684e-03	-5.16519e+00	5.532990e+00	
386	1.411684e-03	-5.16822e+00	5.268614e+00	
387	1.416684e-03	-5.16521e+00	4.999038e+00	
388	1.421684e-03	-5.16819e+00	4.724529e+00	
389	1.426684e-03	-5.16523e+00	4.445357e+00	
390	1.431684e-03	-5.16815e+00	4.161798e+00	
391	1.436684e-03	-5.16524e+00	3.874132e+00	
392	1.441684e-03	-5.16812e+00	3.582642e+00	
393	1.446684e-03	-5.16526e+00	3.287617e+00	
394	1.451684e-03	-5.16809e+00	2.989348e+00	
395	1.456684e-03	-5.16527e+00	2.688128e+00	
396	1.461684e-03	-5.16806e+00	2.384256e+00	
397	1.466684e-03	-5.16529e+00	2.078030e+00	
398	1.471684e-03	-5.16804e+00	1.769754e+00	
399	1.476684e-03	-5.16530e+00	1.459731e+00	
400	1.481684e-03	-5.16801e+00	1.148268e+00	
401	1.486684e-03	-5.16532e+00	8.356715e-01	
402	1.491684e-03	-5.16798e+00	5.222503e-01	

Index   time            v(6)            v(2)            
--------------------------------------------------------------------------------
403	1.496684e-03	-5.16533e+00	2.083136e-01	
404	1.501684e-03	-5.16795e+00	-1.05829e-01	
405	1.506684e-03	-5.16534e+00	-4.19866e-01	
406	1.511684e-03	-5.16793e+00	-7.33490e-01	
407	1.516684e-03	-5.16536e+00	-1.04639e+00	
408	1.521684e-03	-5.16790e+00	-1.35826e+00	
409	1.526684e-03	-5.16537e+00	-1.66878e+00	
410	1.531684e-03	-5.16787e+00	-1.97766e+00	
411	1.536684e-03	-5.16538e+00	-2.28459e+00	
412	1.541684e-03	-5.16785e+00	-2.58926e+00	
413	1.546684e-03	-5.16540e+00	-2.89138e+00	
414	1.551684e-03	-5.16783e+00	-3.19065e+00	
415	1.556684e-03	-5.16541e+00	-3.48676e+00	
416	1.561684e-03	-5.16780e+00	-3.77944e+00	
417	1.566684e-03	-5.16542e+00	-4.06838e+00	
418	1.571684e-03	-5.16778e+00	-4.35331e+00	
419	1.576684e-03	-5.16544e+00	-4.63394e+00	
420	1.581684e-03	-5.16759e+00	-4.91001e+00	
421	1.583586e-03	-5.16528e+00	-5.01372e+00	
422	1.584807e-03	-5.16753e+00	-5.07998e+00	
423	1.585462e-03	-5.16538e+00	-5.11535e+00	
424	1.586202e-03	-5.16742e+00	-5.15525e+00	
425	1.586597e-03	-5.16560e+00	-5.17654e+00	
426	1.586912e-03	-5.16724e+00	-5.19343e+00	
427	1.587219e-03	-5.16573e+00	-5.20991e+00	
428	1.587833e-03	-5.16711e+00	-5.24281e+00	
429	1.588532e-03	-5.16581e+00	-5.28018e+00	
430	1.589218e-03	-5.16697e+00	-5.31673e+00	
431	1.589861e-03	-5.16580e+00	-5.35087e+00	
432	1.590615e-03	-5.16696e+00	-5.39084e+00	
433	1.591405e-03	-5.16590e+00	-5.43260e+00	
434	1.592986e-03	-5.16695e+00	-5.51572e+00	
435	1.594688e-03	-5.16592e+00	-5.60462e+00	
436	1.598093e-03	-5.16692e+00	-5.78049e+00	
437	1.603093e-03	-5.16594e+00	-6.03395e+00	
438	1.608093e-03	-5.13026e+00	-6.28145e+00	
439	1.609739e-03	-4.44230e+00	-6.36160e+00	
440	1.610993e-03	-3.82856e+00	-6.42220e+00	
441	1.611850e-03	-3.42391e+00	-6.46339e+00	
442	1.612653e-03	-3.02683e+00	-6.50180e+00	
443	1.613405e-03	-2.67032e+00	-6.53763e+00	
444	1.614124e-03	-2.31415e+00	-6.57173e+00	
445	1.614833e-03	-1.97591e+00	-6.60525e+00	
446	1.615571e-03	-1.61019e+00	-6.64000e+00	
447	1.616371e-03	-1.22567e+00	-6.67750e+00	
448	1.617275e-03	-7.78467e-01	-6.71966e+00	
449	1.618357e-03	-2.53416e-01	-6.76986e+00	
450	1.619747e-03	4.343856e-01	-6.83388e+00	
451	1.621680e-03	1.382704e+00	-6.92204e+00	
452	1.624653e-03	2.860874e+00	-7.05563e+00	
453	1.628853e-03	4.943941e+00	-7.24015e+00	
454	1.630623e-03	5.170579e+00	-7.31645e+00	
455	1.631796e-03	5.163954e+00	-7.36646e+00	
456	1.632721e-03	5.170190e+00	-7.40563e+00	
457	1.633659e-03	5.163958e+00	-7.44513e+00	
458	1.635304e-03	5.168974e+00	-7.51374e+00	
459	1.636975e-03	5.164963e+00	-7.58260e+00	
460	1.639669e-03	5.170073e+00	-7.69184e+00	

Index   time            v(6)            v(2)            
--------------------------------------------------------------------------------
461	1.643258e-03	5.165494e+00	-7.83399e+00	
462	1.648258e-03	5.168830e+00	-8.02535e+00	
463	1.653258e-03	5.163894e+00	-8.20879e+00	
464	1.658258e-03	5.168802e+00	-8.38412e+00	
465	1.663258e-03	5.164765e+00	-8.55119e+00	
466	1.668258e-03	5.169426e+00	-8.70981e+00	
467	1.673258e-03	5.164840e+00	-8.85984e+00	
468	1.678258e-03	5.169463e+00	-9.00112e+00	
469	1.683258e-03	5.164857e+00	-9.13353e+00	
470	1.688258e-03	5.169426e+00	-9.25691e+00	
471	1.693258e-03	5.164860e+00	-9.37117e+00	
472	1.698258e-03	5.169382e+00	-9.47617e+00	
473	1.703258e-03	5.164864e+00	-9.57182e+00	
474	1.708258e-03	5.169337e+00	-9.65803e+00	
475	1.713258e-03	5.164869e+00	-9.73471e+00	
476	1.718258e-03	5.169292e+00	-9.80177e+00	
477	1.723258e-03	5.164875e+00	-9.85917e+00	
478	1.728258e-03	5.169247e+00	-9.90683e+00	
479	1.733258e-03	5.164882e+00	-9.94472e+00	
480	1.738258e-03	5.169203e+00	-9.97280e+00	
481	1.743258e-03	5.164890e+00	-9.99103e+00	
482	1.748258e-03	5.169159e+00	-9.99940e+00	
483	1.753258e-03	5.164898e+00	-9.99790e+00	
484	1.758258e-03	5.169115e+00	-9.98654e+00	
485	1.763258e-03	5.164907e+00	-9.96532e+00	
486	1.768258e-03	5.169071e+00	-9.93427e+00	
487	1.773258e-03	5.164917e+00	-9.89341e+00	
488	1.778258e-03	5.169028e+00	-9.84279e+00	
489	1.783258e-03	5.164927e+00	-9.78246e+00	
490	1.788258e-03	5.168986e+00	-9.71247e+00	
491	1.793258e-03	5.164937e+00	-9.63290e+00	
492	1.798258e-03	5.168944e+00	-9.54382e+00	
493	1.803258e-03	5.164948e+00	-9.44532e+00	
494	1.808258e-03	5.168902e+00	-9.33750e+00	
495	1.813258e-03	5.164959e+00	-9.22047e+00	
496	1.818258e-03	5.168861e+00	-9.09433e+00	
497	1.823258e-03	5.164971e+00	-8.95922e+00	
498	1.828258e-03	5.168820e+00	-8.81527e+00	
499	1.833258e-03	5.164983e+00	-8.66262e+00	
500	1.838258e-03	5.168780e+00	-8.50142e+00	
501	1.843258e-03	5.164995e+00	-8.33183e+00	
502	1.848258e-03	5.168741e+00	-8.15402e+00	
503	1.853258e-03	5.165007e+00	-7.96816e+00	
504	1.858258e-03	5.168702e+00	-7.77444e+00	
505	1.863258e-03	5.165019e+00	-7.57305e+00	
506	1.868258e-03	5.168663e+00	-7.36418e+00	
507	1.873258e-03	5.165032e+00	-7.14804e+00	
508	1.878258e-03	5.168625e+00	-6.92485e+00	
509	1.883258e-03	5.165045e+00	-6.69483e+00	
510	1.888258e-03	5.168588e+00	-6.45820e+00	
511	1.893258e-03	5.165058e+00	-6.21519e+00	
512	1.898258e-03	5.168551e+00	-5.96605e+00	
513	1.903258e-03	5.165071e+00	-5.71103e+00	
514	1.908258e-03	5.168515e+00	-5.45036e+00	
515	1.913258e-03	5.165084e+00	-5.18432e+00	
516	1.918258e-03	5.168479e+00	-4.91317e+00	
517	1.923258e-03	5.165097e+00	-4.63716e+00	
518	1.928258e-03	5.168444e+00	-4.35658e+00	

Index   time            v(6)            v(2)            
--------------------------------------------------------------------------------
519	1.933258e-03	5.165111e+00	-4.07170e+00	
520	1.938258e-03	5.168409e+00	-3.78280e+00	
521	1.943258e-03	5.165124e+00	-3.49016e+00	
522	1.948258e-03	5.168375e+00	-3.19408e+00	
523	1.953258e-03	5.165138e+00	-2.89485e+00	
524	1.958258e-03	5.168342e+00	-2.59277e+00	
525	1.963258e-03	5.165151e+00	-2.28812e+00	
526	1.968258e-03	5.168309e+00	-1.98122e+00	
527	1.973258e-03	5.165164e+00	-1.67236e+00	
528	1.978258e-03	5.168276e+00	-1.36185e+00	
529	1.983258e-03	5.165178e+00	-1.05000e+00	
530	1.988258e-03	5.168244e+00	-7.37109e-01	
531	1.993258e-03	5.165191e+00	-4.23492e-01	
532	1.998258e-03	5.168213e+00	-1.09457e-01	
533	2.003258e-03	5.165205e+00	2.046857e-01	
534	2.008258e-03	5.168182e+00	5.186265e-01	
535	2.013258e-03	5.165218e+00	8.320555e-01	
536	2.018258e-03	5.168152e+00	1.144663e+00	
537	2.023258e-03	5.165232e+00	1.456141e+00	
538	2.028258e-03	5.168122e+00	1.766183e+00	
539	2.033258e-03	5.165245e+00	2.074481e+00	
540	2.038258e-03	5.168093e+00	2.380732e+00	
541	2.043258e-03	5.165258e+00	2.684633e+00	
542	2.048258e-03	5.168064e+00	2.985885e+00	
543	2.053258e-03	5.165272e+00	3.284190e+00	
544	2.058258e-03	5.168035e+00	3.579254e+00	
545	2.063258e-03	5.165285e+00	3.870786e+00	
546	2.068258e-03	5.168008e+00	4.158498e+00	
547	2.073258e-03	5.165298e+00	4.442106e+00	
548	2.078258e-03	5.167980e+00	4.721330e+00	
549	2.083258e-03	5.165055e+00	4.995895e+00	
550	2.085161e-03	5.167713e+00	5.099140e+00	
551	2.085961e-03	5.165153e+00	5.142277e+00	
552	2.086809e-03	5.167606e+00	5.187899e+00	
553	2.087224e-03	5.165326e+00	5.210199e+00	
554	2.087726e-03	5.167423e+00	5.237068e+00	
555	2.088238e-03	5.165485e+00	5.264484e+00	
556	2.088913e-03	5.167277e+00	5.300484e+00	
557	2.089538e-03	5.165480e+00	5.333747e+00	
558	2.090092e-03	5.167232e+00	5.363153e+00	
559	2.090770e-03	5.165707e+00	5.399041e+00	
560	2.091867e-03	5.167195e+00	5.456941e+00	
561	2.093013e-03	5.165722e+00	5.517153e+00	
562	2.095306e-03	5.167186e+00	5.636716e+00	
563	2.098779e-03	5.165776e+00	5.815631e+00	
564	2.103779e-03	5.167101e+00	6.068288e+00	
565	2.105844e-03	5.165701e+00	6.170863e+00	
566	2.107249e-03	5.086563e+00	6.240123e+00	
567	2.108395e-03	4.557916e+00	6.296229e+00	
568	2.108922e-03	4.286514e+00	6.321887e+00	
569	2.109404e-03	4.045197e+00	6.345357e+00	
570	2.109806e-03	3.837902e+00	6.364850e+00	
571	2.110191e-03	3.645206e+00	6.383483e+00	
572	2.110537e-03	3.466860e+00	6.400224e+00	
573	2.110870e-03	3.300126e+00	6.416240e+00	
574	2.111194e-03	3.133636e+00	6.431865e+00	
575	2.111518e-03	2.970261e+00	6.447447e+00	
576	2.111855e-03	2.797989e+00	6.463611e+00	

Index   time            v(6)            v(2)            
--------------------------------------------------------------------------------
577	2.112210e-03	2.618383e+00	6.480624e+00	
578	2.112597e-03	2.420813e+00	6.499134e+00	
579	2.113026e-03	2.203518e+00	6.519585e+00	
580	2.113513e-03	1.955597e+00	6.542737e+00	
581	2.114072e-03	1.671564e+00	6.569287e+00	
582	2.114729e-03	1.337248e+00	6.600337e+00	
583	2.115507e-03	9.421435e-01	6.636963e+00	
584	2.116514e-03	4.295919e-01	6.684154e+00	
585	2.117883e-03	-2.66945e-01	6.747914e+00	
586	2.119915e-03	-1.30145e+00	6.841591e+00	
587	2.123273e-03	-3.01055e+00	6.993932e+00	
588	2.126578e-03	-4.69268e+00	7.140809e+00	
589	2.128010e-03	-5.16163e+00	7.203524e+00	
590	2.128700e-03	-5.16907e+00	7.233507e+00	
591	2.129323e-03	-5.16459e+00	7.260493e+00	
592	2.129912e-03	-5.16843e+00	7.285896e+00	
593	2.130478e-03	-5.16579e+00	7.310204e+00	
594	2.131112e-03	-5.16758e+00	7.337317e+00	
595	2.131865e-03	-5.16580e+00	7.369399e+00	
596	2.132933e-03	-5.16736e+00	7.414609e+00	
597	2.134417e-03	-5.16589e+00	7.476855e+00	
598	2.136530e-03	-5.16727e+00	7.564348e+00	
599	2.139934e-03	-5.16593e+00	7.702473e+00	
600	2.144934e-03	-5.16723e+00	7.898993e+00	
601	2.148869e-03	-5.16574e+00	8.048196e+00	
602	2.152527e-03	-5.16711e+00	8.182487e+00	
603	2.156749e-03	-5.16581e+00	8.332090e+00	
604	2.161749e-03	-5.16714e+00	8.501667e+00	
605	2.166749e-03	-5.16582e+00	8.662854e+00	
606	2.171749e-03	-5.16711e+00	8.815492e+00	
607	2.176749e-03	-5.16584e+00	8.959429e+00	
608	2.181749e-03	-5.16709e+00	9.094525e+00	
609	2.186749e-03	-5.16585e+00	9.220646e+00	
610	2.191749e-03	-5.16708e+00	9.337667e+00	
611	2.196749e-03	-5.16587e+00	9.445473e+00	
612	2.201749e-03	-5.16706e+00	9.543958e+00	
613	2.206749e-03	-5.16588e+00	9.633023e+00	
614	2.211749e-03	-5.16705e+00	9.712582e+00	
615	2.216749e-03	-5.16589e+00	9.782556e+00	
616	2.221749e-03	-5.16703e+00	9.842876e+00	
617	2.226749e-03	-5.16590e+00	9.893482e+00	
618	2.231749e-03	-5.16702e+00	9.934324e+00	
619	2.236749e-03	-5.16592e+00	9.965363e+00	
620	2.241749e-03	-5.16701e+00	9.986566e+00	
621	2.246749e-03	-5.16593e+00	9.997914e+00	
622	2.251749e-03	-5.16699e+00	9.999396e+00	
623	2.256749e-03	-5.16594e+00	9.991009e+00	
624	2.261749e-03	-5.16698e+00	9.972762e+00	
625	2.266749e-03	-5.16595e+00	9.944674e+00	
626	2.271749e-03	-5.16697e+00	9.906771e+00	
627	2.276749e-03	-5.16596e+00	9.859092e+00	
628	2.281749e-03	-5.16696e+00	9.801682e+00	
629	2.286749e-03	-5.16597e+00	9.734600e+00	
630	2.291749e-03	-5.16695e+00	9.657911e+00	
631	2.296749e-03	-5.16597e+00	9.571690e+00	
632	2.301749e-03	-5.16694e+00	9.476024e+00	
633	2.306749e-03	-5.16598e+00	9.371005e+00	
634	2.311749e-03	-5.16693e+00	9.256739e+00	

Index   time            v(6)            v(2)            
--------------------------------------------------------------------------------
635	2.316749e-03	-5.16599e+00	9.133337e+00	
636	2.321749e-03	-5.16692e+00	9.000922e+00	
637	2.326749e-03	-5.16600e+00	8.859625e+00	
638	2.331749e-03	-5.16691e+00	8.709583e+00	
639	2.336749e-03	-5.16601e+00	8.550947e+00	
640	2.341749e-03	-5.16690e+00	8.383871e+00	
641	2.346749e-03	-5.16601e+00	8.208522e+00	
642	2.351749e-03	-5.16689e+00	8.025072e+00	
643	2.356749e-03	-5.16602e+00	7.833702e+00	
644	2.361749e-03	-5.16688e+00	7.634602e+00	
645	2.366749e-03	-5.16603e+00	7.427966e+00	
646	2.371749e-03	-5.16687e+00	7.214001e+00	
647	2.376749e-03	-5.16603e+00	6.992916e+00	
648	2.381749e-03	-5.16687e+00	6.764930e+00	
649	2.386749e-03	-5.16604e+00	6.530267e+00	
650	2.391749e-03	-5.16686e+00	6.289160e+00	
651	2.396749e-03	-5.16605e+00	6.041847e+00	
652	2.401749e-03	-5.16685e+00	5.788571e+00	
653	2.406749e-03	-5.16605e+00	5.529582e+00	
654	2.411749e-03	-5.16684e+00	5.265136e+00	
655	2.416749e-03	-5.16606e+00	4.995494e+00	
656	2.421749e-03	-5.16684e+00	4.720922e+00	
657	2.426749e-03	-5.16606e+00	4.441692e+00	
658	2.431749e-03	-5.16683e+00	4.158078e+00	
659	2.436749e-03	-5.16607e+00	3.870360e+00	
660	2.441749e-03	-5.16682e+00	3.578823e+00	
661	2.446749e-03	-5.16608e+00	3.283753e+00	
662	2.451749e-03	-5.16682e+00	2.985444e+00	
663	2.456749e-03	-5.16608e+00	2.684187e+00	
664	2.461749e-03	-5.16681e+00	2.380282e+00	
665	2.466749e-03	-5.16609e+00	2.074028e+00	
666	2.471749e-03	-5.16680e+00	1.765727e+00	
667	2.476749e-03	-5.16609e+00	1.455684e+00	
668	2.481749e-03	-5.16680e+00	1.144204e+00	
669	2.486749e-03	-5.16610e+00	8.315946e-01	
670	2.491749e-03	-5.16679e+00	5.181646e-01	
671	2.496749e-03	-5.16610e+00	2.042233e-01	
672	2.501749e-03	-5.16679e+00	-1.09920e-01	
673	2.506749e-03	-5.16611e+00	-4.23954e-01	
674	2.511749e-03	-5.16678e+00	-7.37570e-01	
675	2.516749e-03	-5.16611e+00	-1.05046e+00	
676	2.521749e-03	-5.16677e+00	-1.36231e+00	
677	2.526749e-03	-5.16612e+00	-1.67282e+00	
678	2.531749e-03	-5.16677e+00	-1.98167e+00	
679	2.536749e-03	-5.16612e+00	-2.28857e+00	
680	2.541749e-03	-5.16676e+00	-2.59321e+00	
681	2.546749e-03	-5.16613e+00	-2.89530e+00	
682	2.551749e-03	-5.16676e+00	-3.19452e+00	
683	2.556749e-03	-5.16613e+00	-3.49060e+00	
684	2.561749e-03	-5.16675e+00	-3.78322e+00	
685	2.566749e-03	-5.16614e+00	-4.07212e+00	
686	2.571749e-03	-5.16675e+00	-4.35699e+00	
687	2.576749e-03	-5.16614e+00	-4.63757e+00	
688	2.581749e-03	-5.16674e+00	-4.91357e+00	
689	2.583651e-03	-5.16614e+00	-5.01725e+00	
690	2.584873e-03	-5.16672e+00	-5.08354e+00	
691	2.585520e-03	-5.16617e+00	-5.11851e+00	
692	2.586276e-03	-5.16669e+00	-5.15928e+00	

Index   time            v(6)            v(2)            
--------------------------------------------------------------------------------
693	2.586656e-03	-5.16621e+00	-5.17969e+00	
694	2.587023e-03	-5.16666e+00	-5.19940e+00	
695	2.587397e-03	-5.16626e+00	-5.21947e+00	
696	2.587961e-03	-5.16662e+00	-5.24968e+00	
697	2.588587e-03	-5.16627e+00	-5.28310e+00	
698	2.589091e-03	-5.16655e+00	-5.30997e+00	
699	2.589762e-03	-5.16621e+00	-5.34563e+00	
700	2.590477e-03	-5.16653e+00	-5.38356e+00	
701	2.591436e-03	-5.16623e+00	-5.43423e+00	
702	2.593053e-03	-5.16652e+00	-5.51924e+00	
703	2.595796e-03	-5.16624e+00	-5.66214e+00	
704	2.600796e-03	-5.16651e+00	-5.91826e+00	
705	2.605796e-03	-5.16623e+00	-6.16853e+00	
706	2.607576e-03	-5.16592e+00	-6.25613e+00	
707	2.608625e-03	-4.96392e+00	-6.30744e+00	
708	2.609106e-03	-4.74232e+00	-6.33086e+00	
709	2.609543e-03	-4.53376e+00	-6.35209e+00	
710	2.609971e-03	-4.32733e+00	-6.37283e+00	
711	2.610383e-03	-4.12975e+00	-6.39274e+00	
712	2.611206e-03	-3.73209e+00	-6.43244e+00	
713	2.612804e-03	-2.95975e+00	-6.50902e+00	
714	2.616002e-03	-1.40481e+00	-6.66019e+00	
715	2.620491e-03	7.961021e-01	-6.86792e+00	
716	2.625491e-03	3.273944e+00	-7.09284e+00	
717	2.630491e-03	5.163337e+00	-7.31076e+00	
718	2.631908e-03	5.170817e+00	-7.37122e+00	
719	2.633554e-03	5.165227e+00	-7.44073e+00	
720	2.635114e-03	5.169407e+00	-7.50587e+00	
721	2.636711e-03	5.164695e+00	-7.57178e+00	
722	2.638588e-03	5.169162e+00	-7.64829e+00	
723	2.640470e-03	5.164912e+00	-7.72390e+00	
724	2.642648e-03	5.168839e+00	-7.81011e+00	
725	2.645110e-03	5.165027e+00	-7.90577e+00	
726	2.647981e-03	5.168274e+00	-8.01497e+00	
727	2.651478e-03	5.164561e+00	-8.14439e+00	
728	2.654660e-03	5.168173e+00	-8.25876e+00	
729	2.657765e-03	5.164945e+00	-8.36721e+00	
730	2.662765e-03	5.168531e+00	-8.53509e+00	
731	2.667765e-03	5.165040e+00	-8.69456e+00	
732	2.672765e-03	5.168309e+00	-8.84544e+00	
733	2.677765e-03	5.165047e+00	-8.98759e+00	
734	2.682765e-03	5.168240e+00	-9.12088e+00	
735	2.687765e-03	5.165086e+00	-9.24516e+00	
736	2.692765e-03	5.168181e+00	-9.36032e+00	
737	2.697765e-03	5.165120e+00	-9.46624e+00	
738	2.702765e-03	5.168128e+00	-9.56282e+00	
739	2.707765e-03	5.165153e+00	-9.64996e+00	
740	2.712765e-03	5.168077e+00	-9.72757e+00	
741	2.717765e-03	5.165185e+00	-9.79559e+00	
742	2.722765e-03	5.168030e+00	-9.85394e+00	
743	2.727765e-03	5.165214e+00	-9.90257e+00	
744	2.732765e-03	5.167986e+00	-9.94142e+00	
745	2.737765e-03	5.165243e+00	-9.97047e+00	
746	2.742765e-03	5.167944e+00	-9.98967e+00	
747	2.747765e-03	5.165269e+00	-9.99901e+00	
748	2.752765e-03	5.167905e+00	-9.99849e+00	
749	2.757765e-03	5.165295e+00	-9.98810e+00	
750	2.762765e-03	5.167867e+00	-9.96785e+00	

Index   time            v(6)            v(2)            
--------------------------------------------------------------------------------
751	2.767765e-03	5.165319e+00	-9.93777e+00	
752	2.772765e-03	5.167832e+00	-9.89788e+00	
753	2.777765e-03	5.165342e+00	-9.84822e+00	
754	2.782765e-03	5.167798e+00	-9.78884e+00	
755	2.787765e-03	5.165364e+00	-9.71980e+00	
756	2.792765e-03	5.167765e+00	-9.64117e+00	
757	2.797765e-03	5.165385e+00	-9.55302e+00	
758	2.802765e-03	5.167735e+00	-9.45544e+00	
759	2.807765e-03	5.165405e+00	-9.34854e+00	
760	2.812765e-03	5.167705e+00	-9.23241e+00	
761	2.817765e-03	5.165424e+00	-9.10716e+00	
762	2.822765e-03	5.167677e+00	-8.97293e+00	
763	2.827765e-03	5.165443e+00	-8.82985e+00	
764	2.832765e-03	5.167650e+00	-8.67805e+00	
765	2.837765e-03	5.165460e+00	-8.51769e+00	
766	2.842765e-03	5.167623e+00	-8.34892e+00	
767	2.847765e-03	5.165477e+00	-8.17191e+00	
768	2.852765e-03	5.167598e+00	-7.98683e+00	
769	2.857765e-03	5.165494e+00	-7.79388e+00	
770	2.862765e-03	5.167574e+00	-7.59323e+00	
771	2.867765e-03	5.165510e+00	-7.38509e+00	
772	2.872765e-03	5.167551e+00	-7.16966e+00	
773	2.877765e-03	5.165525e+00	-6.94716e+00	
774	2.882765e-03	5.167528e+00	-6.71779e+00	
775	2.887765e-03	5.165540e+00	-6.48180e+00	
776	2.892765e-03	5.167506e+00	-6.23942e+00	
777	2.897765e-03	5.165554e+00	-5.99087e+00	
778	2.902765e-03	5.167485e+00	-5.73642e+00	
779	2.907765e-03	5.165568e+00	-5.47630e+00	
780	2.912765e-03	5.167464e+00	-5.21077e+00	
781	2.917765e-03	5.165582e+00	-4.94011e+00	
782	2.922765e-03	5.167444e+00	-4.66457e+00	
783	2.927765e-03	5.165595e+00	-4.38443e+00	
784	2.932765e-03	5.167425e+00	-4.09996e+00	
785	2.937765e-03	5.165608e+00	-3.81144e+00	
786	2.942765e-03	5.167406e+00	-3.51916e+00	
787	2.947765e-03	5.165620e+00	-3.22341e+00	
788	2.952765e-03	5.167387e+00	-2.92448e+00	
789	2.957765e-03	5.165633e+00	-2.62266e+00	
790	2.962765e-03	5.167369e+00	-2.31825e+00	
791	2.967765e-03	5.165645e+00	-2.01156e+00	
792	2.972765e-03	5.167352e+00	-1.70288e+00	
793	2.977765e-03	5.165656e+00	-1.39252e+00	
794	2.982765e-03	5.167335e+00	-1.08078e+00	
795	2.987765e-03	5.165668e+00	-7.67982e-01	
796	2.992765e-03	5.167318e+00	-4.54424e-01	
797	2.997765e-03	5.165679e+00	-1.40416e-01	
798	3.002765e-03	5.167302e+00	1.737296e-01	
799	3.007765e-03	5.165690e+00	4.877041e-01	
800	3.012765e-03	5.167286e+00	8.011973e-01	
801	3.017765e-03	5.165701e+00	1.113900e+00	
802	3.022765e-03	5.167271e+00	1.425503e+00	
803	3.027765e-03	5.165711e+00	1.735699e+00	
804	3.032765e-03	5.167256e+00	2.044183e+00	
805	3.037765e-03	5.165721e+00	2.350649e+00	
806	3.042765e-03	5.167241e+00	2.654795e+00	
807	3.047765e-03	5.165732e+00	2.956321e+00	
808	3.052765e-03	5.167226e+00	3.254930e+00	

Index   time            v(6)            v(2)            
--------------------------------------------------------------------------------
809	3.057765e-03	5.165742e+00	3.550327e+00	
810	3.062765e-03	5.167212e+00	3.842220e+00	
811	3.067765e-03	5.165751e+00	4.130321e+00	
812	3.072765e-03	5.167198e+00	4.414346e+00	
813	3.077765e-03	5.165761e+00	4.694014e+00	
814	3.082765e-03	5.167119e+00	4.969050e+00	
815	3.084666e-03	5.165711e+00	5.072344e+00	
816	3.085568e-03	5.167077e+00	5.121109e+00	
817	3.086210e-03	5.165790e+00	5.155709e+00	
818	3.086552e-03	5.166974e+00	5.174097e+00	
819	3.086877e-03	5.165966e+00	5.191570e+00	
820	3.087249e-03	5.166868e+00	5.211525e+00	
821	3.087668e-03	5.166018e+00	5.233985e+00	
822	3.088204e-03	5.166800e+00	5.262644e+00	
823	3.089276e-03	5.166002e+00	5.319783e+00	
824	3.089855e-03	5.166674e+00	5.350590e+00	
825	3.090590e-03	5.166056e+00	5.389554e+00	
826	3.091523e-03	5.166662e+00	5.438803e+00	
827	3.093387e-03	5.166082e+00	5.536740e+00	
828	3.096146e-03	5.166651e+00	5.680229e+00	
829	3.101146e-03	5.166077e+00	5.935940e+00	
830	3.106146e-03	5.166620e+00	6.185794e+00	
831	3.107911e-03	4.791813e+00	6.272561e+00	
832	3.108602e-03	4.444732e+00	6.306292e+00	
833	3.109156e-03	4.161994e+00	6.333286e+00	
834	3.109753e-03	3.860027e+00	6.362267e+00	
835	3.110314e-03	3.573745e+00	6.389448e+00	
836	3.111437e-03	3.004175e+00	6.443570e+00	
837	3.112928e-03	2.245831e+00	6.514894e+00	
838	3.115541e-03	9.181109e-01	6.638565e+00	
839	3.120541e-03	-1.62707e+00	6.870198e+00	
840	3.125541e-03	-4.17167e+00	7.095051e+00	
841	3.127796e-03	-5.15339e+00	7.194201e+00	
842	3.128716e-03	-5.17026e+00	7.234244e+00	
843	3.129971e-03	-5.16327e+00	7.288439e+00	
844	3.130848e-03	-5.17012e+00	7.326044e+00	
845	3.131780e-03	-5.16488e+00	7.365808e+00	
846	3.132848e-03	-5.16954e+00	7.411020e+00	
847	3.133929e-03	-5.16482e+00	7.456421e+00	
848	3.135368e-03	-5.16927e+00	7.516367e+00	
849	3.137001e-03	-5.16504e+00	7.583668e+00	
850	3.139109e-03	-5.16899e+00	7.669340e+00	
851	3.141901e-03	-5.16515e+00	7.780705e+00	
852	3.145557e-03	-5.16839e+00	7.922943e+00	
853	3.147846e-03	-5.16449e+00	8.009866e+00	
854	3.150232e-03	-5.16827e+00	8.098722e+00	
855	3.152635e-03	-5.16496e+00	8.186374e+00	
856	3.157442e-03	-5.16890e+00	8.356059e+00	
857	3.162442e-03	-5.16511e+00	8.524484e+00	
858	3.167442e-03	-5.16850e+00	8.684497e+00	
859	3.172442e-03	-5.16503e+00	8.835939e+00	
860	3.177442e-03	-5.16844e+00	8.978661e+00	
861	3.182442e-03	-5.16507e+00	9.112522e+00	
862	3.187442e-03	-5.16839e+00	9.237391e+00	
863	3.192442e-03	-5.16509e+00	9.353143e+00	
864	3.197442e-03	-5.16835e+00	9.459664e+00	
865	3.202442e-03	-5.16511e+00	9.556851e+00	
866	3.207442e-03	-5.16831e+00	9.644605e+00	

Index   time            v(6)            v(2)            
--------------------------------------------------------------------------------
867	3.212442e-03	-5.16514e+00	9.722842e+00	
868	3.217442e-03	-5.16827e+00	9.791483e+00	
869	3.222442e-03	-5.16516e+00	9.850462e+00	
870	3.227442e-03	-5.16823e+00	9.899719e+00	
871	3.232442e-03	-5.16518e+00	9.939206e+00	
872	3.237442e-03	-5.16819e+00	9.968885e+00	
873	3.242442e-03	-5.16520e+00	9.988725e+00	
874	3.247442e-03	-5.16815e+00	9.998708e+00	
875	3.252442e-03	-5.16522e+00	9.998823e+00	
876	3.257442e-03	-5.16812e+00	9.989071e+00	
877	3.262442e-03	-5.16524e+00	9.969461e+00	
878	3.267442e-03	-5.16808e+00	9.940012e+00	
879	3.272442e-03	-5.16526e+00	9.900753e+00	
880	3.277442e-03	-5.16805e+00	9.851723e+00	
881	3.282442e-03	-5.16528e+00	9.792972e+00	
882	3.287442e-03	-5.16802e+00	9.724555e+00	
883	3.292442e-03	-5.16530e+00	9.646542e+00	
884	3.297442e-03	-5.16799e+00	9.559008e+00	
885	3.302442e-03	-5.16531e+00	9.462041e+00	
886	3.307442e-03	-5.16796e+00	9.355737e+00	
887	3.312442e-03	-5.16533e+00	9.240199e+00	
888	3.317442e-03	-5.16793e+00	9.115542e+00	
889	3.322442e-03	-5.16535e+00	8.981889e+00	
890	3.327442e-03	-5.16790e+00	8.839373e+00	
891	3.332442e-03	-5.16536e+00	8.688133e+00	
892	3.337442e-03	-5.16788e+00	8.528318e+00	
893	3.342442e-03	-5.16538e+00	8.360088e+00	
894	3.347442e-03	-5.16785e+00	8.183606e+00	
895	3.352442e-03	-5.16539e+00	7.999049e+00	
896	3.357442e-03	-5.16782e+00	7.806598e+00	
897	3.362442e-03	-5.16541e+00	7.606442e+00	
898	3.367442e-03	-5.16780e+00	7.398780e+00	
899	3.372442e-03	-5.16542e+00	7.183816e+00	
900	3.377442e-03	-5.16777e+00	6.961762e+00	
901	3.382442e-03	-5.16543e+00	6.732839e+00	
902	3.387442e-03	-5.16775e+00	6.497270e+00	
903	3.392442e-03	-5.16545e+00	6.255290e+00	
904	3.397442e-03	-5.16773e+00	6.007136e+00	
905	3.402442e-03	-5.16546e+00	5.753054e+00	
906	3.407442e-03	-5.16770e+00	5.493295e+00	
907	3.412442e-03	-5.16547e+00	5.228114e+00	
908	3.417442e-03	-5.16768e+00	4.957774e+00	
909	3.422442e-03	-5.16549e+00	4.682541e+00	
910	3.427442e-03	-5.16766e+00	4.402686e+00	
911	3.432442e-03	-5.16550e+00	4.118487e+00	
912	3.437442e-03	-5.16764e+00	3.830224e+00	
913	3.442442e-03	-5.16551e+00	3.538181e+00	
914	3.447442e-03	-5.16762e+00	3.242645e+00	
915	3.452442e-03	-5.16553e+00	2.943910e+00	
916	3.457442e-03	-5.16760e+00	2.642270e+00	
917	3.462442e-03	-5.16554e+00	2.338021e+00	
918	3.467442e-03	-5.16758e+00	2.031466e+00	
919	3.472442e-03	-5.16555e+00	1.722905e+00	
920	3.477442e-03	-5.16756e+00	1.412645e+00	
921	3.482442e-03	-5.16556e+00	1.100990e+00	
922	3.487442e-03	-5.16754e+00	7.882488e-01	
923	3.492442e-03	-5.16557e+00	4.747296e-01	
924	3.497442e-03	-5.16752e+00	1.607419e-01	

Index   time            v(6)            v(2)            
--------------------------------------------------------------------------------
925	3.502442e-03	-5.16559e+00	-1.53404e-01	
926	3.507442e-03	-5.16750e+00	-4.67399e-01	
927	3.512442e-03	-5.16560e+00	-7.80933e-01	
928	3.517442e-03	-5.16748e+00	-1.09370e+00	
929	3.522442e-03	-5.16561e+00	-1.40538e+00	
930	3.527442e-03	-5.16746e+00	-1.71568e+00	
931	3.532442e-03	-5.16562e+00	-2.02428e+00	
932	3.537442e-03	-5.16745e+00	-2.33089e+00	
933	3.542442e-03	-5.16563e+00	-2.63519e+00	
934	3.547442e-03	-5.16743e+00	-2.93690e+00	
935	3.552442e-03	-5.16564e+00	-3.23570e+00	
936	3.557442e-03	-5.16741e+00	-3.53132e+00	
937	3.562442e-03	-5.16565e+00	-3.82344e+00	
938	3.567442e-03	-5.16740e+00	-4.11180e+00	
939	3.572442e-03	-5.16566e+00	-4.39610e+00	
940	3.577442e-03	-5.16738e+00	-4.67606e+00	
941	3.582442e-03	-5.16567e+00	-4.95140e+00	
942	3.584342e-03	-5.16726e+00	-5.05481e+00	
943	3.585294e-03	-5.16563e+00	-5.10631e+00	
944	3.585957e-03	-5.16719e+00	-5.14205e+00	
945	3.586677e-03	-5.16572e+00	-5.18082e+00	
946	3.587024e-03	-5.16708e+00	-5.19946e+00	
947	3.587408e-03	-5.16586e+00	-5.22003e+00	
948	3.587931e-03	-5.16698e+00	-5.24803e+00	
949	3.588728e-03	-5.16592e+00	-5.29060e+00	
950	3.589276e-03	-5.16684e+00	-5.31981e+00	
951	3.589962e-03	-5.16593e+00	-5.35625e+00	
952	3.590794e-03	-5.16683e+00	-5.40033e+00	
953	3.591704e-03	-5.16599e+00	-5.44836e+00	
954	3.593524e-03	-5.16682e+00	-5.54388e+00	
955	3.595939e-03	-5.16601e+00	-5.66954e+00	
956	3.600770e-03	-5.16680e+00	-5.91691e+00	
957	3.605770e-03	-5.16600e+00	-6.16721e+00	
958	3.607536e-03	-5.16634e+00	-6.25417e+00	
959	3.608597e-03	-4.97506e+00	-6.30605e+00	
960	3.609074e-03	-4.75758e+00	-6.32929e+00	
961	3.609485e-03	-4.56077e+00	-6.34925e+00	
962	3.609912e-03	-4.35578e+00	-6.36996e+00	
963	3.610317e-03	-4.16021e+00	-6.38959e+00	
964	3.611070e-03	-3.79741e+00	-6.42591e+00	
965	3.611857e-03	-3.41755e+00	-6.46369e+00	
966	3.613059e-03	-2.83576e+00	-6.52114e+00	
967	3.614968e-03	-1.90836e+00	-6.61160e+00	
968	3.618029e-03	-4.13055e-01	-6.75468e+00	
969	3.623029e-03	2.051283e+00	-6.98296e+00	
970	3.628029e-03	4.541425e+00	-7.20436e+00	
971	3.629835e-03	5.162767e+00	-7.28260e+00	
972	3.630704e-03	5.168734e+00	-7.31987e+00	
973	3.631567e-03	5.165478e+00	-7.35672e+00	
974	3.632393e-03	5.168401e+00	-7.39179e+00	
975	3.633239e-03	5.165465e+00	-7.42747e+00	
976	3.634188e-03	5.167877e+00	-7.46727e+00	
977	3.635169e-03	5.165679e+00	-7.50814e+00	
978	3.636337e-03	5.167499e+00	-7.55641e+00	
979	3.637728e-03	5.165787e+00	-7.61336e+00	
980	3.639478e-03	5.167325e+00	-7.68420e+00	
981	3.641793e-03	5.165850e+00	-7.77645e+00	
982	3.644857e-03	5.167247e+00	-7.89602e+00	

Index   time            v(6)            v(2)            
--------------------------------------------------------------------------------
983	3.649126e-03	5.165763e+00	-8.05776e+00	
984	3.654126e-03	5.167043e+00	-8.23981e+00	
985	3.659126e-03	5.165787e+00	-8.41372e+00	
986	3.664126e-03	5.167055e+00	-8.57933e+00	
987	3.669126e-03	5.165848e+00	-8.73647e+00	
988	3.674126e-03	5.167028e+00	-8.88499e+00	
989	3.679126e-03	5.165866e+00	-9.02475e+00	
990	3.684126e-03	5.167005e+00	-9.15559e+00	
991	3.689126e-03	5.165885e+00	-9.27740e+00	
992	3.694126e-03	5.166984e+00	-9.39006e+00	
993	3.699126e-03	5.165902e+00	-9.49345e+00	
994	3.704126e-03	5.166964e+00	-9.58747e+00	
995	3.709126e-03	5.165919e+00	-9.67202e+00	
996	3.714126e-03	5.166946e+00	-9.74704e+00	
997	3.719126e-03	5.165934e+00	-9.81243e+00	
998	3.724126e-03	5.166928e+00	-9.86814e+00	
999	3.729126e-03	5.165948e+00	-9.91411e+00	
1000	3.734126e-03	5.166912e+00	-9.95030e+00	
1001	3.739126e-03	5.165962e+00	-9.97667e+00	
1002	3.744126e-03	5.166897e+00	-9.99319e+00	
1003	3.749126e-03	5.165974e+00	-9.99985e+00	
1004	3.754126e-03	5.166883e+00	-9.99664e+00	
1005	3.759126e-03	5.165986e+00	-9.98357e+00	
1006	3.764126e-03	5.166870e+00	-9.96064e+00	
1007	3.769126e-03	5.165998e+00	-9.92788e+00	
1008	3.774126e-03	5.166857e+00	-9.88533e+00	
1009	3.779126e-03	5.166008e+00	-9.83302e+00	
1010	3.784126e-03	5.166846e+00	-9.77100e+00	
1011	3.789126e-03	5.166018e+00	-9.69935e+00	
1012	3.794126e-03	5.166834e+00	-9.61812e+00	
1013	3.799126e-03	5.166028e+00	-9.52740e+00	
1014	3.804126e-03	5.166824e+00	-9.42727e+00	
1015	3.809126e-03	5.166037e+00	-9.31785e+00	
1016	3.814126e-03	5.166814e+00	-9.19922e+00	
1017	3.819126e-03	5.166046e+00	-9.07152e+00	
1018	3.824126e-03	5.166804e+00	-8.93487e+00	
1019	3.829126e-03	5.166054e+00	-8.78940e+00	
1020	3.834126e-03	5.166795e+00	-8.63525e+00	
1021	3.839126e-03	5.166062e+00	-8.47258e+00	
1022	3.844126e-03	5.166786e+00	-8.30156e+00	
1023	3.849126e-03	5.166069e+00	-8.12234e+00	
1024	3.854126e-03	5.166778e+00	-7.93510e+00	
1025	3.859126e-03	5.166077e+00	-7.74003e+00	
1026	3.864126e-03	5.166770e+00	-7.53732e+00	
1027	3.869126e-03	5.166084e+00	-7.32718e+00	
1028	3.874126e-03	5.166762e+00	-7.10980e+00	
1029	3.879126e-03	5.166090e+00	-6.88541e+00	
1030	3.884126e-03	5.166755e+00	-6.65422e+00	
1031	3.889126e-03	5.166097e+00	-6.41647e+00	
1032	3.894126e-03	5.166748e+00	-6.17238e+00	
1033	3.899126e-03	5.166103e+00	-5.92220e+00	
1034	3.904126e-03	5.166741e+00	-5.66618e+00	
1035	3.909126e-03	5.166109e+00	-5.40457e+00	
1036	3.914126e-03	5.166734e+00	-5.13762e+00	
1037	3.919126e-03	5.166114e+00	-4.86560e+00	
1038	3.924126e-03	5.166728e+00	-4.58878e+00	
1039	3.929126e-03	5.166120e+00	-4.30743e+00	
1040	3.934126e-03	5.166721e+00	-4.02183e+00	

Index   time            v(6)            v(2)            
--------------------------------------------------------------------------------
1041	3.939126e-03	5.166125e+00	-3.73226e+00	
1042	3.944126e-03	5.166715e+00	-3.43901e+00	
1043	3.949126e-03	5.166131e+00	-3.14236e+00	
1044	3.954126e-03	5.166710e+00	-2.84262e+00	
1045	3.959126e-03	5.166136e+00	-2.54007e+00	
1046	3.964126e-03	5.166704e+00	-2.23501e+00	
1047	3.969126e-03	5.166141e+00	-1.92774e+00	
1048	3.974126e-03	5.166699e+00	-1.61857e+00	
1049	3.979126e-03	5.166145e+00	-1.30781e+00	
1050	3.984126e-03	5.166693e+00	-9.95755e-01	
1051	3.989126e-03	5.166150e+00	-6.82717e-01	
1052	3.994126e-03	5.166688e+00	-3.69006e-01	
1053	3.999126e-03	5.166155e+00	-5.49301e-02	
1054	4.004126e-03	5.166683e+00	2.591998e-01	
1055	4.009126e-03	5.166159e+00	5.730740e-01	
1056	4.014126e-03	5.166678e+00	8.863826e-01	
1057	4.019126e-03	5.166163e+00	1.198816e+00	
1058	4.024126e-03	5.166673e+00	1.510067e+00	
1059	4.029126e-03	5.166168e+00	1.819828e+00	
1060	4.034126e-03	5.166668e+00	2.127792e+00	
1061	4.039126e-03	5.166172e+00	2.433657e+00	
1062	4.044126e-03	5.166664e+00	2.737120e+00	
1063	4.049126e-03	5.166176e+00	3.037882e+00	
1064	4.054126e-03	5.166659e+00	3.335645e+00	
1065	4.059126e-03	5.166180e+00	3.630117e+00	
1066	4.064126e-03	5.166655e+00	3.921007e+00	
1067	4.069126e-03	5.166184e+00	4.208026e+00	
1068	4.074126e-03	5.166651e+00	4.490893e+00	
1069	4.079126e-03	5.166187e+00	4.769328e+00	
1070	4.084126e-03	5.166640e+00	5.043057e+00	
1071	4.085548e-03	5.166193e+00	5.120035e+00	
1072	4.086315e-03	5.166629e+00	5.161344e+00	
1073	4.086784e-03	5.166234e+00	5.186601e+00	
1074	4.087173e-03	5.166600e+00	5.207438e+00	
1075	4.087580e-03	5.166270e+00	5.229279e+00	
1076	4.088222e-03	5.166569e+00	5.263635e+00	
1077	4.088915e-03	5.166267e+00	5.300587e+00	
1078	4.089422e-03	5.166442e+00	5.327547e+00	
1079	4.090184e-03	5.166261e+00	5.368018e+00	
1080	4.090955e-03	5.166436e+00	5.408816e+00	
1081	4.092263e-03	5.166265e+00	5.477795e+00	
1082	4.094250e-03	5.166431e+00	5.581785e+00	
1083	4.098223e-03	5.166264e+00	5.787142e+00	
1084	4.103223e-03	5.166422e+00	6.040450e+00	
1085	4.105391e-03	5.166255e+00	6.148451e+00	
1086	4.106859e-03	5.158054e+00	6.220934e+00	
1087	4.107427e-03	5.024626e+00	6.248859e+00	
1088	4.107646e-03	4.926735e+00	6.259603e+00	
1089	4.107945e-03	4.781537e+00	6.274235e+00	
1090	4.108225e-03	4.640215e+00	6.287892e+00	
1091	4.108544e-03	4.478952e+00	6.303467e+00	
1092	4.108850e-03	4.322885e+00	6.318419e+00	
1093	4.109347e-03	4.070773e+00	6.342595e+00	
1094	4.109813e-03	3.834216e+00	6.365173e+00	
1095	4.110502e-03	3.484299e+00	6.398516e+00	
1096	4.111314e-03	3.071576e+00	6.437643e+00	
1097	4.112345e-03	2.547755e+00	6.487083e+00	
1098	4.113726e-03	1.845934e+00	6.552845e+00	

Index   time            v(6)            v(2)            
--------------------------------------------------------------------------------
1099	4.115462e-03	9.632896e-01	6.634844e+00	
1100	4.117834e-03	-2.43867e-01	6.745643e+00	
1101	4.120966e-03	-1.83757e+00	6.889575e+00	
1102	4.125290e-03	-4.03913e+00	7.083928e+00	
1103	4.126706e-03	-4.75882e+00	7.146454e+00	
1104	4.127470e-03	-5.09400e+00	7.179946e+00	
1105	4.128129e-03	-5.16648e+00	7.208706e+00	
1106	4.128274e-03	-5.16577e+00	7.215016e+00	
1107	4.128414e-03	-5.16706e+00	7.221092e+00	
1108	4.128573e-03	-5.16619e+00	7.228015e+00	
1109	4.128757e-03	-5.16687e+00	7.236007e+00	
1110	4.129048e-03	-5.16628e+00	7.248590e+00	
1111	4.129572e-03	-5.16681e+00	7.271257e+00	
1112	4.130621e-03	-5.16630e+00	7.316353e+00	
1113	4.132720e-03	-5.16678e+00	7.405590e+00	
1114	4.136913e-03	-5.16630e+00	7.580047e+00	
1115	4.141913e-03	-5.16676e+00	7.781183e+00	
1116	4.146913e-03	-5.16624e+00	7.974640e+00	
1117	4.150613e-03	-5.16663e+00	8.112738e+00	
1118	4.153570e-03	-5.16624e+00	8.219960e+00	
1119	4.156782e-03	-5.16663e+00	8.333229e+00	
1120	4.161782e-03	-5.16625e+00	8.502752e+00	
1121	4.166782e-03	-5.16663e+00	8.663883e+00	
1122	4.171782e-03	-5.16625e+00	8.816464e+00	
1123	4.176782e-03	-5.16662e+00	8.960344e+00	
1124	4.181782e-03	-5.16625e+00	9.095382e+00	
1125	4.186782e-03	-5.16662e+00	9.221443e+00	
1126	4.191782e-03	-5.16625e+00	9.338404e+00	
1127	4.196782e-03	-5.16662e+00	9.446150e+00	
1128	4.201782e-03	-5.16625e+00	9.544572e+00	
1129	4.206782e-03	-5.16662e+00	9.633576e+00	
1130	4.211782e-03	-5.16626e+00	9.713073e+00	
1131	4.216782e-03	-5.16661e+00	9.782983e+00	
1132	4.221782e-03	-5.16626e+00	9.843240e+00	
1133	4.226782e-03	-5.16661e+00	9.893782e+00	
1134	4.231782e-03	-5.16626e+00	9.934560e+00	
1135	4.236782e-03	-5.16661e+00	9.965534e+00	
1136	4.241782e-03	-5.16626e+00	9.986673e+00	
1137	4.246782e-03	-5.16661e+00	9.997956e+00	
1138	4.251782e-03	-5.16627e+00	9.999373e+00	
1139	4.256782e-03	-5.16660e+00	9.990922e+00	
1140	4.261782e-03	-5.16627e+00	9.972610e+00	
1141	4.266782e-03	-5.16660e+00	9.944457e+00	
1142	4.271782e-03	-5.16627e+00	9.906490e+00	
1143	4.276782e-03	-5.16660e+00	9.858747e+00	
1144	4.281782e-03	-5.16627e+00	9.801274e+00	
1145	4.286782e-03	-5.16660e+00	9.734128e+00	
1146	4.291782e-03	-5.16627e+00	9.657376e+00	
1147	4.296782e-03	-5.16659e+00	9.571093e+00	
1148	4.301782e-03	-5.16628e+00	9.475365e+00	
1149	4.306782e-03	-5.16659e+00	9.370286e+00	
1150	4.311782e-03	-5.16628e+00	9.255959e+00	
1151	4.316782e-03	-5.16659e+00	9.132498e+00	
1152	4.321782e-03	-5.16628e+00	9.000025e+00	
1153	4.326782e-03	-5.16659e+00	8.858669e+00	
1154	4.331782e-03	-5.16628e+00	8.708571e+00	
1155	4.336782e-03	-5.16658e+00	8.549878e+00	
1156	4.341782e-03	-5.16629e+00	8.382748e+00	

Index   time            v(6)            v(2)            
--------------------------------------------------------------------------------
1157	4.346782e-03	-5.16658e+00	8.207345e+00	
1158	4.351782e-03	-5.16629e+00	8.023843e+00	
1159	4.356782e-03	-5.16658e+00	7.832422e+00	
1160	4.361782e-03	-5.16629e+00	7.633271e+00	
1161	4.366782e-03	-5.16658e+00	7.426587e+00	
1162	4.371782e-03	-5.16629e+00	7.212574e+00	
1163	4.376782e-03	-5.16658e+00	6.991443e+00	
1164	4.381782e-03	-5.16629e+00	6.763412e+00	
1165	4.386782e-03	-5.16657e+00	6.528707e+00	
1166	4.391782e-03	-5.16630e+00	6.287558e+00	
1167	4.396782e-03	-5.16657e+00	6.040205e+00	
1168	4.401782e-03	-5.16630e+00	5.786890e+00	
1169	4.406782e-03	-5.16657e+00	5.527865e+00	
1170	4.411782e-03	-5.16630e+00	5.263384e+00	
1171	4.416782e-03	-5.16657e+00	4.993709e+00	
1172	4.421782e-03	-5.16630e+00	4.719106e+00	
1173	4.426782e-03	-5.16656e+00	4.439846e+00	
1174	4.431782e-03	-5.16630e+00	4.156204e+00	
1175	4.436782e-03	-5.16656e+00	3.868460e+00	
1176	4.441782e-03	-5.16631e+00	3.576899e+00	
1177	4.446782e-03	-5.16656e+00	3.281807e+00	
1178	4.451782e-03	-5.16631e+00	2.983477e+00	
1179	4.456782e-03	-5.16656e+00	2.682203e+00	
1180	4.461782e-03	-5.16631e+00	2.378281e+00	
1181	4.466782e-03	-5.16656e+00	2.072013e+00	
1182	4.471782e-03	-5.16631e+00	1.763699e+00	
1183	4.476782e-03	-5.16655e+00	1.453646e+00	
1184	4.481782e-03	-5.16631e+00	1.142157e+00	
1185	4.486782e-03	-5.16655e+00	8.295414e-01	
1186	4.491782e-03	-5.16632e+00	5.161071e-01	
1187	4.496782e-03	-5.16655e+00	2.021634e-01	
1188	4.501782e-03	-5.16632e+00	-1.11980e-01	
1189	4.506782e-03	-5.16655e+00	-4.26012e-01	
1190	4.511782e-03	-5.16632e+00	-7.39625e-01	
1191	4.516782e-03	-5.16655e+00	-1.05251e+00	
1192	4.521782e-03	-5.16632e+00	-1.36435e+00	
1193	4.526782e-03	-5.16654e+00	-1.67485e+00	
1194	4.531782e-03	-5.16632e+00	-1.98369e+00	
1195	4.536782e-03	-5.16654e+00	-2.29058e+00	
1196	4.541782e-03	-5.16632e+00	-2.59520e+00	
1197	4.546782e-03	-5.16654e+00	-2.89727e+00	
1198	4.551782e-03	-5.16633e+00	-3.19648e+00	
1199	4.556782e-03	-5.16654e+00	-3.49253e+00	
1200	4.561782e-03	-5.16633e+00	-3.78513e+00	
1201	4.566782e-03	-5.16654e+00	-4.07400e+00	
1202	4.571782e-03	-5.16633e+00	-4.35885e+00	
1203	4.576782e-03	-5.16654e+00	-4.63940e+00	
1204	4.581782e-03	-5.16633e+00	-4.91536e+00	
1205	4.583683e-03	-5.16653e+00	-5.01903e+00	
1206	4.584906e-03	-5.16634e+00	-5.08534e+00	
1207	4.585551e-03	-5.16653e+00	-5.12019e+00	
1208	4.586316e-03	-5.16635e+00	-5.16143e+00	
1209	4.586684e-03	-5.16652e+00	-5.18120e+00	
1210	4.587061e-03	-5.16637e+00	-5.20147e+00	
1211	4.587474e-03	-5.16651e+00	-5.22359e+00	
1212	4.588008e-03	-5.16639e+00	-5.25217e+00	
1213	4.588639e-03	-5.16649e+00	-5.28587e+00	
1214	4.589161e-03	-5.16633e+00	-5.31366e+00	

Index   time            v(6)            v(2)            
--------------------------------------------------------------------------------
1215	4.589780e-03	-5.16641e+00	-5.34660e+00	
1216	4.590472e-03	-5.16633e+00	-5.38331e+00	
1217	4.591616e-03	-5.16641e+00	-5.44374e+00	
1218	4.592996e-03	-5.16633e+00	-5.51624e+00	
1219	4.595755e-03	-5.16641e+00	-5.66001e+00	
1220	4.600755e-03	-5.16633e+00	-5.91616e+00	
1221	4.605755e-03	-5.16640e+00	-6.16648e+00	
1222	4.607554e-03	-5.16585e+00	-6.25507e+00	
1223	4.608544e-03	-4.99644e+00	-6.30349e+00	
1224	4.608907e-03	-4.83555e+00	-6.32116e+00	
1225	4.609290e-03	-4.65361e+00	-6.33981e+00	
1226	4.609692e-03	-4.46069e+00	-6.35931e+00	
1227	4.610063e-03	-4.28249e+00	-6.37727e+00	
1228	4.610804e-03	-3.92517e+00	-6.41308e+00	
1229	4.611630e-03	-3.52638e+00	-6.45284e+00	
1230	4.612987e-03	-2.86975e+00	-6.51773e+00	
1231	4.614890e-03	-1.94565e+00	-6.60794e+00	
1232	4.617668e-03	-5.89061e-01	-6.73795e+00	
1233	4.622405e-03	1.742615e+00	-6.95483e+00	
1234	4.627405e-03	4.229915e+00	-7.17710e+00	
1235	4.629429e-03	5.135852e+00	-7.26506e+00	
1236	4.630383e-03	5.169649e+00	-7.30616e+00	
1237	4.630880e-03	5.163983e+00	-7.32742e+00	
1238	4.631284e-03	5.169048e+00	-7.34469e+00	
1239	4.631683e-03	5.165295e+00	-7.36168e+00	
1240	4.632375e-03	5.168708e+00	-7.39104e+00	
1241	4.633135e-03	5.165401e+00	-7.42309e+00	
1242	4.634609e-03	5.168560e+00	-7.48485e+00	
1243	4.637064e-03	5.165645e+00	-7.58624e+00	
1244	4.641175e-03	5.168285e+00	-7.75196e+00	
1245	4.646175e-03	5.165408e+00	-7.94657e+00	
1246	4.649592e-03	5.167760e+00	-8.07508e+00	
1247	4.653214e-03	5.165051e+00	-8.20723e+00	
1248	4.656099e-03	5.167722e+00	-8.30943e+00	
1249	4.659565e-03	5.165352e+00	-8.42859e+00	
1250	4.664565e-03	5.167968e+00	-8.59346e+00	
1251	4.669565e-03	5.165345e+00	-8.74985e+00	
1252	4.674565e-03	5.167875e+00	-8.89761e+00	
1253	4.679565e-03	5.165352e+00	-9.03659e+00	
1254	4.684565e-03	5.167844e+00	-9.16665e+00	
1255	4.689565e-03	5.165367e+00	-9.28766e+00	
1256	4.694565e-03	5.167817e+00	-9.39950e+00	
1257	4.699565e-03	5.165382e+00	-9.50207e+00	
1258	4.704565e-03	5.167791e+00	-9.59527e+00	
1259	4.709565e-03	5.165396e+00	-9.67899e+00	
1260	4.714565e-03	5.167766e+00	-9.75316e+00	
1261	4.719565e-03	5.165411e+00	-9.81771e+00	
1262	4.724565e-03	5.167741e+00	-9.87257e+00	
1263	4.729565e-03	5.165425e+00	-9.91768e+00	
1264	4.734565e-03	5.167717e+00	-9.95301e+00	
1265	4.739565e-03	5.165438e+00	-9.97851e+00	
1266	4.744565e-03	5.167694e+00	-9.99417e+00	
1267	4.749565e-03	5.165452e+00	-9.99996e+00	
1268	4.754565e-03	5.167671e+00	-9.99589e+00	
1269	4.759565e-03	5.165465e+00	-9.98195e+00	
1270	4.764565e-03	5.167648e+00	-9.95816e+00	
1271	4.769565e-03	5.165478e+00	-9.92454e+00	
1272	4.774565e-03	5.167627e+00	-9.88113e+00	

Index   time            v(6)            v(2)            
--------------------------------------------------------------------------------
1273	4.779565e-03	5.165491e+00	-9.82796e+00	
1274	4.784565e-03	5.167605e+00	-9.76510e+00	
1275	4.789565e-03	5.165504e+00	-9.69260e+00	
1276	4.794565e-03	5.167584e+00	-9.61053e+00	
1277	4.799565e-03	5.165516e+00	-9.51898e+00	
1278	4.804565e-03	5.167564e+00	-9.41804e+00	
1279	4.809565e-03	5.165528e+00	-9.30780e+00	
1280	4.814565e-03	5.167543e+00	-9.18838e+00	
1281	4.819565e-03	5.165541e+00	-9.05989e+00	
1282	4.824565e-03	5.167524e+00	-8.92245e+00	
1283	4.829565e-03	5.165552e+00	-8.77622e+00	
1284	4.834565e-03	5.167504e+00	-8.62132e+00	
1285	4.839565e-03	5.165564e+00	-8.45791e+00	
1286	4.844565e-03	5.167486e+00	-8.28615e+00	
1287	4.849565e-03	5.165576e+00	-8.10622e+00	
1288	4.854565e-03	5.167467e+00	-7.91829e+00	
1289	4.859565e-03	5.165587e+00	-7.72254e+00	
1290	4.864565e-03	5.167449e+00	-7.51918e+00	
1291	4.869565e-03	5.165598e+00	-7.30839e+00	
1292	4.874565e-03	5.167431e+00	-7.09039e+00	
1293	4.879565e-03	5.165610e+00	-6.86539e+00	
1294	4.884565e-03	5.167413e+00	-6.63362e+00	
1295	4.889565e-03	5.165621e+00	-6.39530e+00	
1296	4.894565e-03	5.167396e+00	-6.15067e+00	
1297	4.899565e-03	5.165631e+00	-5.89997e+00	
1298	4.904565e-03	5.167379e+00	-5.64344e+00	
1299	4.909565e-03	5.165642e+00	-5.38135e+00	
1300	4.914565e-03	5.167363e+00	-5.11395e+00	
1301	4.919565e-03	5.165653e+00	-4.84150e+00	
1302	4.924565e-03	5.167347e+00	-4.56427e+00	
1303	4.929565e-03	5.165663e+00	-4.28253e+00	
1304	4.934565e-03	5.167331e+00	-3.99657e+00	
1305	4.939565e-03	5.165673e+00	-3.70667e+00	
1306	4.944565e-03	5.167315e+00	-3.41311e+00	
1307	4.949565e-03	5.165684e+00	-3.11618e+00	
1308	4.954565e-03	5.167300e+00	-2.81617e+00	
1309	4.959565e-03	5.165694e+00	-2.51339e+00	
1310	4.964565e-03	5.167285e+00	-2.20813e+00	
1311	4.969565e-03	5.165703e+00	-1.90068e+00	
1312	4.974565e-03	5.167270e+00	-1.59136e+00	
1313	4.979565e-03	5.165713e+00	-1.28047e+00	
1314	4.984565e-03	5.167256e+00	-9.68319e-01	
1315	4.989565e-03	5.165723e+00	-6.55210e-01	
1316	4.994565e-03	5.167241e+00	-3.41454e-01	
1317	4.999565e-03	5.165733e+00	-2.73607e-02	
1318	5.000000e-03	5.167117e+00	-1.22465e-14	
